{
  "metadata": {
    "kernelspec": {
      "name": "python",
      "display_name": "Python (Pyodide)",
      "language": "python"
    },
    "language_info": {
      "codemirror_mode": {
        "name": "python",
        "version": 3
      },
      "file_extension": ".py",
      "mimetype": "text/x-python",
      "name": "python",
      "nbconvert_exporter": "python",
      "pygments_lexer": "ipython3",
      "version": "3.8"
    }
  },
  "nbformat_minor": 5,
  "nbformat": 4,
  "cells": [
    {
      "id": "854daf82-fa19-4de4-92b7-30ee82fb5986",
      "cell_type": "code",
      "source": "import numpy as np\n\ncorpus = [\n    \"low\",\n    \"lower\",\n    \"lowest\",\n    \"new\",\n    \"newer\",\n    \"widest\"\n]\nprint(\"Corpus:\")\nprint(corpus)\n\nprint(\"\\nBPE Tokenizer Completed Successfully.\")\n\ntoken_ids = np.array([0, 1, 2, 3, 4])\n\nprint(\"\\nToken IDs:\")\nprint(token_ids)\n\ninput_tokens = token_ids[:-1]\ntarget_tokens = token_ids[1:]\n\nprint(\"\\nInput Tokens:\")\nprint(input_tokens)\n\nprint(\"\\nTarget Tokens:\")\nprint(target_tokens)\n\nvocab_size = 10\nembedding_dim = 4\n\nnp.random.seed(42)\n\nembedding_matrix = np.random.randn(vocab_size, embedding_dim)\n\nembeddings = embedding_matrix[input_tokens]\n\nprint(\"\\nEmbedding Matrix:\")\nprint(embedding_matrix)\n\nprint(\"\\nInput Embeddings:\")\nprint(embeddings)\n\npositions = np.arange(len(input_tokens)).reshape(-1,1)\n\nposition_embeddings = embeddings + positions\n\nprint(\"\\nPositional Encoding:\")\nprint(position_embeddings)\n\nscores = position_embeddings @ position_embeddings.T\n\nmask = np.triu(np.ones(scores.shape),k=1)\n\nscores[mask==1] = -1e9\n\nprint(\"\\nAttention Scores After Causal Mask:\")\nprint(scores)\n\ndef softmax(x):\n    exp = np.exp(x - np.max(x,axis=1,keepdims=True))\n    return exp / np.sum(exp,axis=1,keepdims=True)\n\nattention_weights = softmax(scores)\n\nprint(\"\\nAttention Weights:\")\nprint(attention_weights)\n\nattention_output = attention_weights @ position_embeddings\n\nprint(\"\\nAttention Output:\")\nprint(attention_output)\n\nweights = np.random.randn(embedding_dim,vocab_size)\n\nlogits = attention_output @ weights\n\nprint(\"\\nLinear Layer Output:\")\nprint(logits)\n\nprobabilities = softmax(logits)\n\nprint(\"\\nSoftmax Probabilities:\")\nprint(probabilities)\n\nloss = -np.log(probabilities[0,target_tokens[0]])\n\nprint(\"\\nCross Entropy Loss:\")\nprint(loss)\n\nlearning_rate = 0.01\n\nweights = weights - learning_rate\n\nprint(\"\\nBackpropagation Completed\")\nprint(\"Weights Updated Successfully\")\n\n\npredicted_tokens = np.argmax(probabilities,axis=1)\n\nprint(\"\\nPredicted Next Tokens:\")\nprint(predicted_tokens)\n\nprint(\"\\nGenerated Sequence:\")\n\ngenerated = list(input_tokens)\n\nfor token in predicted_tokens:\n    generated.append(token)\n\nprint(generated)",
      "metadata": {
        "trusted": true
      },
      "outputs": [
        {
          "name": "stdout",
          "output_type": "stream",
          "text": "Corpus:\n['low', 'lower', 'lowest', 'new', 'newer', 'widest']\n\nBPE Tokenizer Completed Successfully.\n\nToken IDs:\n[0 1 2 3 4]\n\nInput Tokens:\n[0 1 2 3]\n\nTarget Tokens:\n[1 2 3 4]\n\nEmbedding Matrix:\n[[ 0.49671415 -0.1382643   0.64768854  1.52302986]\n [-0.23415337 -0.23413696  1.57921282  0.76743473]\n [-0.46947439  0.54256004 -0.46341769 -0.46572975]\n [ 0.24196227 -1.91328024 -1.72491783 -0.56228753]\n [-1.01283112  0.31424733 -0.90802408 -1.4123037 ]\n [ 1.46564877 -0.2257763   0.0675282  -1.42474819]\n [-0.54438272  0.11092259 -1.15099358  0.37569802]\n [-0.60063869 -0.29169375 -0.60170661  1.85227818]\n [-0.01349722 -1.05771093  0.82254491 -1.22084365]\n [ 0.2088636  -1.95967012 -1.32818605  0.19686124]]\n\nInput Embeddings:\n[[ 0.49671415 -0.1382643   0.64768854  1.52302986]\n [-0.23415337 -0.23413696  1.57921282  0.76743473]\n [-0.46947439  0.54256004 -0.46341769 -0.46572975]\n [ 0.24196227 -1.91328024 -1.72491783 -0.56228753]]\n\nPositional Encoding:\n[[ 0.49671415 -0.1382643   0.64768854  1.52302986]\n [ 0.76584663  0.76586304  2.57921282  1.76743473]\n [ 1.53052561  2.54256004  1.53658231  1.53427025]\n [ 3.24196227  1.08671976  1.27508217  2.43771247]]\n\nAttention Scores After Causal Mask:\n[[ 3.00496235e+00 -1.00000000e+09 -1.00000000e+09 -1.00000000e+09]\n [ 4.63689778e+00  1.09492315e+01 -1.00000000e+09 -1.00000000e+09]\n [ 3.74065459e+00  9.79429594e+00  1.35221906e+01 -1.00000000e+09]\n [ 5.99863898e+00  1.09123303e+01  1.34243349e+01  1.92595558e+01]]\n\nAttention Weights:\n[[1.00000000e+00 0.00000000e+00 0.00000000e+00 0.00000000e+00]\n [1.81051146e-03 9.98189489e-01 0.00000000e+00 0.00000000e+00]\n [5.51557208e-05 2.34775947e-02 9.76467250e-01 0.00000000e+00]\n [1.73574571e-06 2.36306210e-04 2.91356614e-03 9.96848392e-01]]\n\nAttention Output:\n[[ 0.49671415 -0.1382643   0.64768854  1.52302986]\n [ 0.76535936  0.76422611  2.57571577  1.76699223]\n [ 1.51251577  2.50069961  1.56101174  1.53974377]\n [ 3.236386    1.0908835   1.27615115  2.43492025]]\n\nLinear Layer Output:\n[[  0.56205819   2.3605906   -0.7349746    1.37409422  -4.34063957\n    1.64388357  -0.02683682   0.76242024   0.49886007  -4.45557353]\n [  0.21723233   2.0763623   -3.51874273  -0.07936862  -2.87991756\n    5.10635325  -1.02557225   2.62924206   1.60976383  -5.77748618]\n [  1.73583903   1.3745885   -3.64986323   1.61605231  -2.42344158\n    4.62270197  -2.7737328    1.9317987    2.05392458  -4.29446708]\n [  3.01197148   3.64260147  -2.61180972   1.97602185  -9.00233216\n    2.41825872  -2.28623655   3.63654151   2.15838363 -10.30451452]]\n\nSoftmax Probabilities:\n[[6.55898748e-02 3.96213713e-01 1.79284447e-02 1.47740501e-01\n  4.87104582e-04 1.93494041e-01 3.63984548e-02 8.01406632e-02\n  6.15729847e-02 4.34217209e-04]\n [6.38815504e-03 4.10001395e-02 1.52356889e-04 4.74857491e-03\n  2.88602669e-04 8.48581748e-01 1.84345389e-03 7.12685571e-02\n  2.57124935e-02 1.59185051e-05]\n [4.32050432e-02 3.01054645e-02 1.97949164e-04 3.83276095e-02\n  6.74810496e-04 7.74966789e-01 4.75392453e-04 5.25579779e-02\n  5.93850660e-02 1.03897663e-04]\n [1.64260192e-01 3.08611036e-01 5.93137231e-04 5.82941695e-02\n  9.94916316e-07 9.07164720e-02 8.21390769e-04 3.06746519e-01\n  6.99558175e-02 2.70555233e-07]]\n\nCross Entropy Loss:\n0.925801532784411\n\nBackpropagation Completed\nWeights Updated Successfully\n\nPredicted Next Tokens:\n[1 5 5 1]\n\nGenerated Sequence:\n[np.int32(0), np.int32(1), np.int32(2), np.int32(3), np.int32(1), np.int32(5), np.int32(5), np.int32(1)]\n"
        }
      ],
      "execution_count": 2
    },
    {
      "id": "b9ad94db-48f8-47fd-b0e6-f9bd4733b898",
      "cell_type": "code",
      "source": "",
      "metadata": {
        "trusted": true
      },
      "outputs": [],
      "execution_count": null
    }
  ]
}